20	1.15426284701602e-05	-2.43707813968304
20.1170589970088	1.12988069107983e-05	-2.44375863624996
20.2348031344566	1.10713966585198e-05	-2.44962900837517
20.3532364224361	1.08675513878466e-05	-2.45409776471192
20.4723628945108	1.06648692807755e-05	-2.45871103152805
20.5921866078523	1.04633427202296e-05	-2.4634755788387
20.712711643379	1.02629641003297e-05	-2.46839858749266
20.8339421058943	1.00637258255498e-05	-2.47348767922345
20.9558821242271	9.86562030996116e-06	-2.47875094920819
21.0785358513719	9.66863997658309e-06	-2.48419700135938
21.2019074646307	9.4727772568613e-06	-2.489834986595
21.3260011657548	9.278024590294e-06	-2.49567464435261
21.4508211810884	9.08437442422934e-06	-2.50172634763591
21.576371761712	8.90432440102823e-06	-2.50691489313482
21.7026571835878	8.74916918628538e-06	-2.51016330657319
21.8296817477046	8.59490635358907e-06	-2.5135095777664
21.957449780225	8.44153027937334e-06	-2.51695803752682
22.0859656326322	8.289035348363e-06	-2.52051326944352
22.2152336818785	8.13741595177112e-06	-2.5241801280524
22.3452583305343	7.98666648535737e-06	-2.52796375853947
22.4760440069381	7.83678134733495e-06	-2.53186961812346
22.607595165347	7.68775493610998e-06	-2.53590349927831
22.7399162860888	7.53958164783926e-06	-2.54007155497316
22.8730118757144	7.39225587378827e-06	-2.54438032612527
23.0068864671515	7.27340103524585e-06	-2.54702647806706
23.1415446198585	7.15652797682748e-06	-2.54965784654967
23.2769909199802	7.04032471731937e-06	-2.55236069253848
23.413229980504	6.92478684296989e-06	-2.55513785503445
23.5502664414167	6.80990993313444e-06	-2.55799232099116
23.6881049698628	6.6956895578968e-06	-2.56092723472426
23.8267502603034	6.58212127550372e-06	-2.5639459080127
23.9662070346759	6.46920062959492e-06	-2.56705183094773
24.1064800425551	6.35692314621071e-06	-2.57024868359009
24.2475740613148	6.2453143298891e-06	-2.57327959062293
24.3894938962905	6.13450034014316e-06	-2.57501881653483
24.5322443809431	6.02432303862594e-06	-2.5768114184175
24.6758303770235	5.91477831700028e-06	-2.5786598390051
24.8202567747382	5.80586206190012e-06	-2.58056667090508
24.9655284929157	5.6975701522108e-06	-2.58253466813473
25.1116504791745	5.5898984560383e-06	-2.58456675872324
25.2586277100909	5.48284282732281e-06	-2.5866660584931
25.4064651913689	5.37639910204363e-06	-2.58883588614869
25.555167958011	5.27056309395445e-06	-2.59107977981488
25.7047410744888	5.17836428884713e-06	-2.59288802648884
25.8551896349163	5.08819556708057e-06	-2.59469006032767
26.006518763223	4.99853654225053e-06	-2.59654623462931
26.1587336133287	4.90938370431682e-06	-2.59845894722595
26.3118393693185	4.82073353822958e-06	-2.60043073719327
26.46584124562	4.73258252256864e-06	-2.60246429525454
26.6207444871803	4.64492712810941e-06	-2.60456247510736
26.7765543696451	4.5577638163105e-06	-2.60672830576904
26.9332761995382	4.47300670399848e-06	-2.60882985860712
27.0909153144422	4.40473120843868e-06	-2.60984704304713
27.2494770831801	4.33684516271359e-06	-2.61089018137326
27.4089669059986	4.26934600962306e-06	-2.61196024043972
27.5693902147518	4.20223119249549e-06	-2.61305823445957
27.730752473086	4.1354981543233e-06	-2.61418522784968
27.8930591766259	4.06914433684405e-06	-2.61534233827507
28.056315853162	4.00316717956332e-06	-2.61653073990869
28.2205280628387	3.9375641187148e-06	-2.61775166692315
28.3857013983434	3.86482475431772e-06	-2.61932251282434
28.5518414850974	3.7899481019414e-06	-2.62105458806895
28.7189539814474	3.71548882111965e-06	-2.6228458511394
28.8870445788579	3.64144372924006e-06	-2.62469925450425
29.0561190021054	3.5678096251593e-06	-2.62661794433454
29.2261830094731	3.49458328750366e-06	-2.62860527625806
29.3972423929473	3.42176147293669e-06	-2.63066483264924
29.5693029784145	3.34934091440499e-06	-2.63280044163079
29.7423706258596	3.27659025375068e-06	-2.63518294048934
29.9164512295659	3.20404588102659e-06	-2.63770838764505
30.0915507183157	3.13191934785554e-06	-2.64033524704399
30.2676750555919	3.06020796666444e-06	-2.64306964113328
30.4448302397817	2.98890904509895e-06	-2.64591818954926
30.6230223043803	2.91801988405095e-06	-2.64888805998697
30.8022573181967	2.84753777547007e-06	-2.65198702535649
30.9825413855605	2.78046165671865e-06	-2.65450259288813
31.1638806465293	2.7297064689433e-06	-2.65321461737713
31.3462812770986	2.67922558091008e-06	-2.65188569445663
31.5297494894112	2.62901639105206e-06	-2.65051385356683
31.7142915319696	2.57907624853761e-06	-2.64909699543496
31.8999136898485	2.52940244848943e-06	-2.64763288144797
32.0866222849085	2.47999222677173e-06	-2.64611912197138
32.2744236760121	2.43084275430285e-06	-2.64455316349457
32.4633242592396	2.37956892778363e-06	-2.64329405456179
32.6533304681075	2.32820475584644e-06	-2.64204446617385
32.8444487737872	2.27712041396529e-06	-2.64074621543424
33.0366856853255	2.22631337330977e-06	-2.63939645621788
33.2300477498664	2.17578106214856e-06	-2.6379921175811
33.4245415528741	2.12552086137355e-06	-2.63652988120954
33.620173718357	2.07553009955224e-06	-2.63500615610494
33.8169509090936	2.02903731820444e-06	-2.63204038414115
34.0148798268593	1.9832747197224e-06	-2.62874495521806
34.2139672126546	1.93775726938672e-06	-2.62531376742381
34.4142198469349	1.8924824974942e-06	-2.62173866440162
34.615644549841	1.84744789085853e-06	-2.61801085009583
34.8182481814319	1.80265089072406e-06	-2.61412082726402
35.0220376419179	1.75841317852526e-06	-2.61028678024829
35.2270198718963	1.71623852108491e-06	-2.60760811641756
35.4332018525869	1.67427399796837e-06	-2.60480944941735
35.6405906060706	1.63251703150628e-06	-2.60188326049458
35.849193195528	1.59096498977075e-06	-2.59882140204659
36.0590167254802	1.54961517797241e-06	-2.59561503026055
36.2700683420306	1.50846482757711e-06	-2.59225452922634
36.4823552331085	1.47115130847438e-06	-2.59143265481097
36.6958846287138	1.43572184932349e-06	-2.5918548672084
36.9106638011632	1.40048272553533e-06	-2.59229589366982
37.1267000653378	1.3654318596104e-06	-2.59275704832705
37.3440007789325	1.33056710426734e-06	-2.59323977293123
37.5625733427064	1.29588623399632e-06	-2.59374565280944
37.7824252007347	1.26163846692369e-06	-2.59037403147316
38.0035638406626	1.22788072271491e-06	-2.58196900728093
38.22599679396	1.19430662722075e-06	-2.57313984555116
38.4497316361781	1.16091419597179e-06	-2.56385577643488
38.6747759872075	1.1277013542195e-06	-2.55408322234921
38.9011375115376	1.09466592212101e-06	-2.54378551227233
39.1288239185177	1.06047728201925e-06	-2.53403106446282
39.3578429626195	1.02478087753765e-06	-2.5251424553948
39.5882024437012	9.89288517598971e-07	-2.51566718030042
39.8199102072732	9.53998512663506e-07	-2.50554746101266
40.0529741447654	9.18909074275672e-07	-2.49471802311803
40.2874021937956	8.84018287515251e-07	-2.48310491797649
40.5232023384404	8.53808014189785e-07	-2.46898187338752
40.7603826095065	8.26397526614137e-07	-2.45295628595196
40.9989510848047	7.99130051772823e-07	-2.43592380856667
41.2389158894247	7.7200476306442e-07	-2.41780021947255
41.480285196012	7.45021099042521e-07	-2.39849350922253
41.7230672250462	7.18202760228866e-07	-2.37797696130899
41.9672702451209	6.93802554352985e-07	-2.36343471384014
42.2129025732254	6.6945319975533e-07	-2.3478558143379
42.459972575028	6.45143598034428e-07	-2.33115155782891
42.7084886651607	6.2086208639698e-07	-2.31322778522322
42.9584593075059	5.96596783956555e-07	-2.29398570943989
43.2098930154849	5.72982537804059e-07	-2.27090910356044
43.4627983523474	5.49895871421415e-07	-2.24406426255567
43.7171839314635	5.26851647096616e-07	-2.21497176762753
43.9730584166168	5.03839629567532e-07	-2.18342323870319
44.2304305222997	4.80849582326766e-07	-2.149203811284
44.48930901401	4.59552813500054e-07	-2.11394087787605
44.7497027085497	4.42281134991705e-07	-2.08036444271662
45.011620474325	4.25078139930282e-07	-2.04414993217621
45.2750712316482	4.07940656302048e-07	-2.00510366272278
45.5400639530421	3.90865743499016e-07	-1.96304396791267
45.8066076635451	3.74729641262222e-07	-1.91554759369647
46.0747114410186	3.62613359633956e-07	-1.853761784988
46.3443844164563	3.50559068047092e-07	-1.78729667940685
46.6156357742953	3.38556837810776e-07	-1.71626562265508
46.8884747527286	3.2659198482176e-07	-1.64102054147223
47.16291064402	3.17487615432263e-07	-1.56089782472278
47.4389527948202	3.18788496445026e-07	-1.47367207683883
47.7166106064856	3.20082191006465e-07	-1.38567959396932
47.9958935353984	3.21333127362951e-07	-1.29839424523148
48.2768110932881	3.22510156621991e-07	-1.21325834698361
48.5593728475562	3.33366886485518e-07	-1.14809368860983
48.8435884216018	3.59483376230687e-07	-1.1141034053776
49.1294674951489	3.85378257439579e-07	-1.08475519575535
49.4170198045768	4.1106456364639e-07	-1.05922459776504
49.7062551432512	4.36553533067037e-07	-1.03685631786515
49.9971833618578	4.37354271522113e-07	-1.01462800660865
50.289814368738	4.27281248682621e-07	-0.990810301138366
50.5841581302261	4.17247945619836e-07	-0.965954187907064
50.8802246709891	4.07254726284268e-07	-0.940030186117254
51.1780240743674	3.99472135524085e-07	-0.910443484871623
51.4775664827193	4.07155829366739e-07	-0.862945340073713
51.7788620977653	4.14747158010242e-07	-0.81720475946602
52.0819211809364	4.22251394037131e-07	-0.773346268860053
52.386754053723	4.29676044314086e-07	-0.731445620864197
52.6933710980267	4.40059812039594e-07	-0.694741014852142
53.0017827565141	4.51852257549033e-07	-0.661521080410955
53.3119995329718	4.63572268098651e-07	-0.630133355076687
53.624031992665	4.75220015030391e-07	-0.600491392271739
53.9378907626964	4.87756743136371e-07	-0.57661651341322
54.253586532369	5.02091792137195e-07	-0.562090950509294
54.5711300535494	5.16283640345709e-07	-0.548417210564882
54.8905321410346	5.30337320886649e-07	-0.535538643341835
55.2118036729201	5.43354553569213e-07	-0.52226847645694
55.53495559097	5.48358705320569e-07	-0.499653096378413
55.8599989009903	5.53303413325204e-07	-0.477542114640751
56.1869446732034	5.58188139877928e-07	-0.455948815909487
56.5158040426251	5.63012930556872e-07	-0.434883737303078
56.8465882094439	5.76677028671755e-07	-0.417267650522036
57.1793084394023	5.9049496217767e-07	-0.400630394635243
57.513976064181	6.04222294491515e-07	-0.384839636320258
57.850602481784	6.17860431816903e-07	-0.369841497559756
58.1891991569276	6.30913932127441e-07	-0.352060805995334
58.5297776214303	6.43804279193573e-07	-0.334859714899939
58.8723494746059	6.56568318871006e-07	-0.318427972813053
59.2169263836584	6.69213399726377e-07	-0.302736071064635
59.5635200840791	6.82071570245034e-07	-0.290559109926009
59.9121423800469	6.94831426481938e-07	-0.278891507534267
60.2628051448297	7.07495849184957e-07	-0.267707256699206
60.6155203211892	7.20189568686846e-07	-0.25766345822183
60.9702999217874	7.33473718014189e-07	-0.251787336889294
61.3271560295959	7.46659757697931e-07	-0.246151976134493
61.6861007983072	7.59749541294002e-07	-0.240743607778429
62.0471464527488	7.72978483626439e-07	-0.23354031027408
62.4103052892997	7.86492526932126e-07	-0.223473889705257
62.7755896763085	7.99920927802856e-07	-0.213801773320209
63.1430120545158	8.13264328479354e-07	-0.20450360214056
63.5125849374765	8.26213627682857e-07	-0.19819448276953
63.8843209119874	8.38934146119484e-07	-0.193224305805015
64.2582326385146	8.515586528059e-07	-0.188430069648155
64.6343328516257	8.64276482157951e-07	-0.183661269491006
65.0126343604229	8.78747427793837e-07	-0.177690805932422
65.3931500489794	8.93123839913904e-07	-0.171946114236131
65.7758928767784	9.07406917331694e-07	-0.166415430082072
66.160875879154	9.22229909508647e-07	-0.161667413395621
66.5481121677359	9.37456544892206e-07	-0.157546814792489
66.9376149308951	9.52587842627789e-07	-0.15358076146184
67.3293974341936	9.6798873656811e-07	-0.1496776011549
67.7234730208363	9.86670418921377e-07	-0.145172349363117
68.1198551121248	1.00524120873814e-06	-0.140859188020335
68.5185572079153	1.02370192357537e-06	-0.136726367902974
68.9195928870777	1.03907468560211e-06	-0.139797122376876
69.3229758079585	1.05310226914485e-06	-0.145685651581305
69.7287197088457	1.06704193613836e-06	-0.151386514509544
70.1368384084369	1.07871030381779e-06	-0.154928386434967
70.5473458063099	1.08670177514603e-06	-0.155134275456129
70.9602558833959	1.09464659073952e-06	-0.155335986797829
71.3755827024557	1.102581874791e-06	-0.155222034821543
71.7933404085591	1.11075727132839e-06	-0.152677434404831
72.2135432295659	1.11887888058837e-06	-0.150184409836513
72.6362054766111	1.12694706025933e-06	-0.147741591649162
73.061341544592	1.13547719337147e-06	-0.145266472882401
73.4889659126583	1.14400718552692e-06	-0.142834434222462
73.9190931447058	1.15248622417336e-06	-0.140452233981379
74.3517378898717	1.16525528804825e-06	-0.13808302507934
74.7869148830341	1.1792733923554e-06	-0.135770432418227
75.2246389453136	1.19320620371185e-06	-0.133525189067851
75.664924984578	1.2045472555119e-06	-0.129825522611023
76.10778799595	1.21463148354855e-06	-0.125496809592587
76.5532430623182	1.22465473598914e-06	-0.121264067002883
77.0013053548504	1.23654576344426e-06	-0.118242836572965
77.4519901335107	1.24942461644976e-06	-0.115905451430101
77.9053127475789	1.26222721004662e-06	-0.113628946505342
78.3612886361733	1.27581724182028e-06	-0.111438018369276
78.8199333287767	1.28975102622726e-06	-0.109319703843889
79.281262445765	1.30359107849071e-06	-0.10725861121241
79.7452916989396	1.31839811210154e-06	-0.105308646381306
80.2120368920621	1.33349268573932e-06	-0.103433311752081
80.681513921393	1.34849442825392e-06	-0.101610485881308
81.1537387762324	1.36555686507786e-06	-0.100871651916664
81.6287275394654	1.38287879566088e-06	-0.100326766207199
82.1064963881091	1.40012632659197e-06	-0.0997471384049745
82.587061593864	1.41850132273781e-06	-0.097069682025654
83.070439523668	1.43676284000883e-06	-0.0944755796895108
83.556646640254	1.45570483514587e-06	-0.0925559909862353
84.0456995027103	1.47707430722077e-06	-0.0925806097551094
84.5376147670448	1.49831086283646e-06	-0.0926044064952606
85.0324091867521	1.51976463993505e-06	-0.0937380884005896
85.5300996133842	1.54144386597554e-06	-0.0959460696678462
86.0307029971245	1.56299403835677e-06	-0.0980804764219972
86.5342363873647	1.58718127580119e-06	-0.100303024132249
87.040716933286	1.61192587309381e-06	-0.102485103480927
87.5501618844429	1.63694126584635e-06	-0.104664015202089
88.0625885913504	1.66437952697389e-06	-0.107213644477387
88.5780145060755	1.69165503540535e-06	-0.109666489326411
89.096457182831	1.72150423779266e-06	-0.114565809166653
89.617934278574	1.75365425580544e-06	-0.12151852804131
90.1424635536065	1.78561308053182e-06	-0.128182347593286
90.6700628721808	1.8190739972304e-06	-0.13308642752547
91.2007502031079	1.85243074493151e-06	-0.137704792420189
91.7345436203691	1.89514241208836e-06	-0.150257280015277
92.2714613037321	1.95139000359688e-06	-0.173448063603563
92.8115215393696	2.00730259264797e-06	-0.195212098988138
93.3547427204826	2.03164969108114e-06	-0.210941696913539
93.9011433479262	2.05264518095312e-06	-0.225749701411638
94.4507420308406	2.08466707994633e-06	-0.241488023293832
95.0035574872839	2.13057596551542e-06	-0.258183494423119
95.5596085448703	2.17639457943811e-06	-0.274176868138688
96.1189141414111	2.23918020303825e-06	-0.29785075245554
96.6814933255595	2.30158733652136e-06	-0.320109945839107
97.2473652574596	2.38875633159979e-06	-0.352408210188994
97.8165492093989	2.49114500706805e-06	-0.388847695104936
98.3890645664646	2.61242918598171e-06	-0.441548523093234
98.9649308272037	2.79113111669397e-06	-0.542684957177234
99.5441676042876	2.96877524599746e-06	-0.630952725675459
100.126794625179	2.88425003029853e-06	-0.828445850795894
100.712831732805	2.77738875282072e-06	-1.054926148788
101.302298886233	2.40982197825498e-06	-1.17715724523894
101.895216161348	1.88408399971414e-06	-1.25946703003858
102.491603751541	1.46270828602243e-06	-1.3178543549904
103.091481968389	1.23189221996311e-06	-1.22966346891517
103.694871242358	1.02015000824395e-06	-1.10641463640815
104.301792123487	9.52943601498479e-07	-0.984321109079659
104.912265282097	8.86160564226244e-07	-0.844418834634691
105.526311509489	8.71109960191452e-07	-0.73623278454333
106.143951718656	8.61902414763701e-07	-0.630757977756511
106.765206944993	8.70918786414037e-07	-0.539717917945322
107.390098347014	8.87073697479055e-07	-0.457310893685275
108.018647207072	9.10305025468447e-07	-0.389455308234488
108.650874932088	9.38999579999821e-07	-0.333753418242803
109.286803054272	9.68967339846502e-07	-0.285997902332269
109.926453231863	1.00066950603379e-06	-0.246810621680127
110.569847249866	1.03313303081791e-06	-0.212544393635342
111.21700702079	1.06733861156109e-06	-0.18507690746234
111.867954585399	1.10092464733497e-06	-0.160592649339213
112.522712113459	1.13307784685753e-06	-0.140895025526316
113.181301904494	1.16515801773323e-06	-0.123077844489969
113.843746388549	1.19753026234963e-06	-0.108974762704056
114.510068126947	1.22956866496533e-06	-0.0966669744544362
115.180289813064	1.26075087826766e-06	-0.0896135133988562
115.854434273099	1.29173721469866e-06	-0.0827477055366466
116.532524466851	1.32248216549656e-06	-0.0753188078657559
117.2145834885	1.35286385181451e-06	-0.0689682029741013
117.900634567399	1.38227385132989e-06	-0.06590100359797
118.590701068857	1.41047486900475e-06	-0.0624832193226744
119.284806494941	1.43504314414579e-06	-0.0575707238542032
119.982974485275	1.46061290385924e-06	-0.0540912342222624
120.685228817844	1.48880814537478e-06	-0.0536920570082011
121.391593409804	1.51656602348923e-06	-0.0523791993452616
122.102092318297	1.5437196517487e-06	-0.0496184474746814
122.816749741269	1.56839424446543e-06	-0.0470080664272132
123.535590018299	1.59045631460988e-06	-0.0445307906599732
124.258637631421	1.61624098440504e-06	-0.0434724102457795
124.985917205961	1.64431279002159e-06	-0.0432849381090395
125.717453511379	1.67327511596817e-06	-0.0422926535131107
126.453271462106	1.70240244185637e-06	-0.041087388759119
127.193396118398	1.73113899801451e-06	-0.0411494606522807
127.937852687186	1.76036204281039e-06	-0.0415355301593826
128.686666522937	1.79467820333957e-06	-0.0436782622676935
129.439863128516	1.83271359648252e-06	-0.0455350412818763
130.197468156055	1.87887235199605e-06	-0.046896646516343
130.959507407827	1.9274672215885e-06	-0.0523785821679687
131.726006837123	1.97805977676905e-06	-0.0609770356236664
132.496992549139	2.05667803138613e-06	-0.0925622516076938
133.272490801864	2.1291231715288e-06	-0.129253440358797
134.05252800697	1.92418740393127e-06	-0.206675663599632
134.83713073072	1.79112150310188e-06	-0.233793352980837
135.626325694864	1.80624546478476e-06	-0.127035787184511
136.420139777555	1.85182014344386e-06	-0.0768352578077278
137.218600014263	1.91593850662273e-06	-0.061150140577841
138.021733598694	1.97020620782874e-06	-0.0578822850947703
138.829567883718	2.02092801626887e-06	-0.0546091212381842
139.6421303823	2.0641635493795e-06	-0.0486485907775036
140.459448768436	2.11202807621903e-06	-0.0449848728822956
141.281550878098	2.162807572972e-06	-0.0427987936568825
142.10846471018	2.21495613609507e-06	-0.0461737990706834
142.940218427451	2.26469475767944e-06	-0.0496997482087483
143.776840357518	2.30995722789268e-06	-0.0532967838640456
144.618358993785	2.36037406615332e-06	-0.0581282550421309
145.464802996429	2.41236998755909e-06	-0.0625938773279253
146.316201193371	2.46333628939507e-06	-0.0629268915831869
147.172582581262	2.51848598915785e-06	-0.0672672207160886
148.03397632647	2.57684648327492e-06	-0.0745034061443334
148.90041176607	2.64351364034844e-06	-0.0775206116068079
149.771918408847	2.71142256540442e-06	-0.0818738735953331
150.648525936298	2.78087585247857e-06	-0.0878702474385478
151.530264203646	2.8542680788244e-06	-0.0978810676071735
152.417163240854	2.93228899804186e-06	-0.108521744807656
153.309253253649	3.01733217699221e-06	-0.119693324840321
154.20656462455	3.10296497994516e-06	-0.13057008284265
155.109127913907	3.19187580170485e-06	-0.142922210158281
156.016973860932	3.28632610397502e-06	-0.157842938615514
156.930133384757	3.38307836938488e-06	-0.174022331859863
157.848637585481	3.48727166295657e-06	-0.193159981856104
158.772517745229	3.60148679944152e-06	-0.215929683171035
159.70180532922	3.71646551507215e-06	-0.246371262521545
160.636531986837	3.81476649802292e-06	-0.278518792408534
161.576729552704	3.89470600647854e-06	-0.31174542059941
162.522430047774	3.94310673184523e-06	-0.34012462865488
163.473665680415	3.99257872063555e-06	-0.366536758582106
164.43046884751	4.04788558108936e-06	-0.389654518995235
165.392872135559	4.1192566030631e-06	-0.406267765703286
166.360908321789	4.20446424047547e-06	-0.434042232238118
167.33461037527	4.27388856167525e-06	-0.464024813315188
168.314011458039	4.31739420700271e-06	-0.493193751507115
169.299144926229	4.30856404780628e-06	-0.506099397802909
170.290044331205	4.34544315917319e-06	-0.503675912098965
171.286743420704	4.45410969806895e-06	-0.493854478457493
172.289276139991	4.6585482339473e-06	-0.482254991758433
173.297676633007	4.9831692556645e-06	-0.483778266368205
174.311979243537	5.36507228056136e-06	-0.507320454750129
175.332218516381	5.80509175995407e-06	-0.54629777576898
176.358429198523	6.30358065192267e-06	-0.596696176036076
177.390646240325	6.84877604283381e-06	-0.674985931969211
178.428904796706	7.33658654163246e-06	-0.768117918262263
179.47324022835	7.75211639861203e-06	-0.863269994783653
180.523688102903	8.16507150538693e-06	-0.960354726689367
181.580284196186	8.86268464823569e-06	-1.06717099410673
182.643064493414	9.48747877428816e-06	-1.26159603760534
183.712065190425	9.3969463630104e-06	-1.48771438250745
184.787322694905	8.53851873887805e-06	-1.70753592373518
185.868873627635	7.14446476988587e-06	-1.86944065720795
186.956754823736	6.1117227319275e-06	-1.89763005215475
188.05100333392	5.52733780862399e-06	-1.90728622048419
189.151656425758	5.16659133855161e-06	-1.89898668765661
190.258751584946	5.12691667827041e-06	-1.89051318129025
191.37232651658	5.40410863958634e-06	-1.93079999051164
192.492419146443	5.73801605971612e-06	-2.08220985692749
193.619067622297	5.21577401556193e-06	-2.29377153404524
194.752310315179	4.41449049263125e-06	-2.42920352307815
195.892185820711	3.67150074677024e-06	-2.50762714015203
197.038732960413	3.05500745233236e-06	-2.53514204565373
198.191990783024	2.54604273826459e-06	-2.51923133221626
199.351998565836	2.13140775147921e-06	-2.45078626812767
200.518795816027	1.83535603252001e-06	-2.30459930419534
201.692422272009	1.83547863440054e-06	-2.10798731064866
202.87291790478	2.0980755331865e-06	-1.98780384794917
204.060322919289	2.43695663883773e-06	-2.01585067040779
205.254677755801	2.67093952659681e-06	-2.13194415088094
206.456023091273	2.71608579950324e-06	-2.28499392091281
207.664399840748	2.57677245223549e-06	-2.43778321666243
208.879849158737	2.31180443661881e-06	-2.5605505377325
210.102412440631	2.02545104806036e-06	-2.64494630145271
211.332131324102	1.76207592935316e-06	-2.68268450986179
212.569047690529	1.55665101641852e-06	-2.69395298232205
213.813203666417	1.3918918166314e-06	-2.69427935895498
215.064641624838	1.27243030105098e-06	-2.69093112201611
216.323404186871	1.16534511217073e-06	-2.69247061441193
217.589534223053	1.05798566151289e-06	-2.69733939581498
218.863074854841	9.5806037441337e-07	-2.69661449158948
220.14406945608	8.70250378641393e-07	-2.68785432924437
221.432561654478	7.87793430428941e-07	-2.676841239206
222.728595333096	7.15472743078342e-07	-2.66796507756277
224.032214631839	6.48287989992826e-07	-2.65566484980643
225.343463948963	5.81501457790579e-07	-2.63551986682265
226.66238794258	5.20628880211137e-07	-2.61083994548001
227.989031532189	4.62197708583565e-07	-2.57972508415167
229.323439900197	4.07901532609427e-07	-2.54245497097329
230.665658493463	3.56569189133425e-07	-2.49990767285531
232.015733024844	3.09668394137414e-07	-2.44406586659018
233.373709474752	2.63036487745244e-07	-2.35739564380683
234.739634092718	2.19963598977505e-07	-2.22826065743819
236.113553398974	1.86231751006579e-07	-2.04367739500954
237.495514186027	1.64360882507667e-07	-1.80354115169735
238.885563520262	1.56229586695353e-07	-1.53614755852283
240.28374874354	1.59279082560213e-07	-1.28197880076338
241.690117474812	1.70726602420283e-07	-1.05894049653646
243.104717611739	1.88676259997818e-07	-0.878081914981563
244.527597332325	2.09801910242089e-07	-0.714002625798518
245.95880509656	2.36137771783758e-07	-0.58576144213294
247.398389648064	2.65488023795633e-07	-0.507755593398289
248.846400015754	2.9275655866085e-07	-0.440249435104888
250.302885515508	3.23546911845232e-07	-0.377620189793496
251.767895751851	3.56473992701128e-07	-0.321834193848875
253.241480619637	3.89051906161254e-07	-0.284764015198144
254.723690305755	4.24898112473718e-07	-0.252994622522216
256.214575290834	4.62033386497672e-07	-0.220792032292502
257.714186350963	4.98201472010162e-07	-0.199149450957047
259.222574559422	5.37974681635261e-07	-0.182434326039313
260.73979128842	5.72337562706187e-07	-0.176428167350858
262.265888210845	6.11064287742585e-07	-0.164753292118918
263.800917302024	6.49994012127638e-07	-0.153246324977212
265.344930841493	6.97255459410688e-07	-0.141583543093346
266.897981414776	7.38904499206515e-07	-0.135528366405488
268.46012191518	7.84260757520596e-07	-0.126495874809256
270.031405545593	8.36570975600068e-07	-0.131397436538046
271.611885820295	8.82461807600863e-07	-0.126996962404615
273.201616566784	9.35188596747599e-07	-0.133945344256262
274.800651927609	9.98447068096362e-07	-0.130821857553744
276.409046362209	1.06182530846936e-06	-0.146458665243166
278.026854648775	1.12864278532168e-06	-0.157932873515545
279.65413188611	1.19456155614516e-06	-0.171397950377734
281.290933495507	1.26479586017709e-06	-0.189541625289448
282.93731522264	1.35589668777892e-06	-0.194087898279727
284.593333139456	1.46611103306988e-06	-0.213523236699981
286.259043646091	1.5901838756778e-06	-0.236032590688704
287.934503472786	1.75061825451599e-06	-0.270505984322883
289.619769681824	1.9468160946348e-06	-0.32407476535459
291.314899669467	2.19763010883509e-06	-0.418014933646811
293.019951167918	2.4527578675918e-06	-0.550442515627833
294.734982247282	2.6733378193523e-06	-0.758531846761868
296.460051317546	2.64690746831379e-06	-1.01981151511698
298.195217130566	2.24759220339083e-06	-1.27276882001235
299.940538782072	1.67308316880444e-06	-1.39065491685563
301.696075713678	1.29055809213354e-06	-1.28200125942567
303.461887714904	1.19694761856373e-06	-1.05712984634641
305.238034925219	1.30600640308259e-06	-0.88044886135571
307.024577836083	1.57658882535963e-06	-0.841012753093297
308.82157729301	1.8852809384893e-06	-0.916409792533429
310.62909449764	2.14576647418004e-06	-1.11287763997156
312.447191009822	2.13681518027927e-06	-1.35786992254032
314.275928749713	1.85200906763498e-06	-1.56709022172143
316.115369999886	1.53635730350057e-06	-1.67434622169077
317.965577407448	1.28430197061e-06	-1.72523177653269
319.82661398618	1.08242530597212e-06	-1.72132531617012
321.698543118677	9.33785692845649e-07	-1.69111958028136
323.58142855851	7.84655387990247e-07	-1.65146259165276
325.475334432397	6.48449110285541e-07	-1.50584157990358
327.380325242385	5.89205416865371e-07	-1.26244789307016
329.296465868049	6.25915190402449e-07	-1.03655606355597
331.223821568702	7.19011828019367e-07	-0.921059157663063
333.162457985614	8.1368956911874e-07	-0.904959662730617
335.112441144253	8.68826212583864e-07	-0.937514168350773
337.073837456529	8.69851006091632e-07	-0.95807606788406
339.046713723057	8.85897926747131e-07	-0.943526083612943
341.031137135435	8.75924339167309e-07	-0.953325666030504
343.027175278527	8.52895851102703e-07	-0.918855928147192
345.03489613277	8.95502659019571e-07	-0.856574171753369
347.054368076487	9.48272182092767e-07	-0.901777745691158
349.085659888214	8.78506721546378e-07	-0.911470425037617
351.128840749048	8.4169191412714e-07	-0.798951752676897
353.183980244995	9.34904666371469e-07	-0.690836000133839
355.251148369347	1.05520669403924e-06	-0.68327558986114
357.330415525064	1.15650940786951e-06	-0.777919575321087
359.421852527169	1.13892330992008e-06	-0.885121419769395
361.525530605163	1.03197790414997e-06	-0.928631264915603
363.641521405448	9.29646695355229e-07	-0.855533273358859
365.769896993772	9.12606616810259e-07	-0.713035220832617
367.910729857677	9.59048697497875e-07	-0.593227095697611
370.064092908973	1.05652016409618e-06	-0.493001425525376
372.230059486217	1.20808695525137e-06	-0.405638721533013
374.408703357216	1.39476947667097e-06	-0.391758279503116
376.600098721534	1.6571793438645e-06	-0.373550358204893
378.804320213022	1.94858047535046e-06	-0.401845069895042
381.021442902359	2.30287141981296e-06	-0.455712592972344
383.251542299608	2.70116814813327e-06	-0.533393987010212
385.494694356791	3.21056406906777e-06	-0.657842855208419
387.750975470472	3.84086126589276e-06	-0.832807697712749
390.02046248436	4.37433870403469e-06	-1.08215003931528
392.303232691926	4.74768033541248e-06	-1.4190171846715
394.599363839037	4.44458044903945e-06	-1.76443228751125
396.908934126603	3.66030116171085e-06	-2.05112206310504
399.232022213237	2.9356404039097e-06	-2.21795449913626
401.568707217941	2.25258518195589e-06	-2.31545865360646
403.919068722793	1.75755906219969e-06	-2.29773381091831
406.283186775664	1.44629583911356e-06	-2.19315011263897
408.661141892939	1.62981562674171e-06	-2.04993992266128
411.053015062261	1.65623520940112e-06	-2.25585413094345
413.458887745293	1.33125555215432e-06	-2.36949811910059
415.878841880485	1.0825746880652e-06	-2.31357924774778
418.31295988587	9.76845768994013e-07	-2.16546358863833
420.761324661871	1.01027292471458e-06	-2.13381212946384
423.224019594121	9.78650448239542e-07	-2.16043288314587
425.701128556307	8.51866438693439e-07	-2.1997491164923
428.192735913023	7.06889107788977e-07	-2.04399990269092
430.698926522644	7.19904761320077e-07	-1.7858498999668
433.219785740219	8.82565645865005e-07	-1.64487317106554
435.755399420375	1.07284919964715e-06	-1.69976700585588
438.305853920241	1.22152749208836e-06	-1.84871161856324
440.87123610239	1.30709318366417e-06	-2.02745964175334
443.451633337799	1.27316030572238e-06	-2.23993480509042
446.04713350882	1.11978394573688e-06	-2.4235755721312
448.65782501218	9.37994123574331e-07	-2.53921240770916
451.283796761983	7.6978984960589e-07	-2.59095162692315
453.925138192747	6.51126058384291e-07	-2.58704656924305
456.581939262443	5.49275794928229e-07	-2.55953599169725
459.254290455563	4.80770019609526e-07	-2.48083371401583
461.942282786198	4.42150696877759e-07	-2.38278059777464
464.646007801144	4.33463120298352e-07	-2.3153232983241
467.365557583011	4.34961199388621e-07	-2.32891732206567
470.101024753367	4.00666205738047e-07	-2.41480514861443
472.852502475889	3.4834554762399e-07	-2.47480127867535
475.620084459535	2.68411899365089e-07	-2.52505425768944
478.403864961738	2.00799057951062e-07	-2.43808417689823
481.203938791616	1.42528927197661e-07	-2.23262509607392
484.020401313197	1.1108753977595e-07	-1.8146411285526
486.853348448673	1.08890877121208e-07	-1.3013401748238
489.702876681662	1.36859563779425e-07	-0.862197217216187
492.569083060495	1.87370795638709e-07	-0.590165942873135
495.452065201525	2.52257768388481e-07	-0.471294382069088
498.351921292447	3.36858823948034e-07	-0.409096027626015
501.268750095642	4.37479930001664e-07	-0.397715520678525
504.202650951544	5.72790228107434e-07	-0.435507036061781
507.153723782022	7.62508751118525e-07	-0.542119220059074
510.122069093782	9.99676168732307e-07	-0.778145842149052
513.10778798179	1.10807222699012e-06	-1.19724781723222
516.110982132718	8.62276160064181e-07	-1.60106119218572
519.131753828402	5.72560437867271e-07	-1.58843030547093
522.17020594933	4.9673160805159e-07	-1.27234729089626
525.226441978145	6.12828589464338e-07	-1.09012088128522
528.300566003168	7.64332929404611e-07	-1.13012533252763
531.392682721943	8.72414132265948e-07	-1.27073378570022
534.502897444805	9.97853179724169e-07	-1.44502363325485
537.631316098464	1.05083629129912e-06	-1.75286409882462
540.778045229615	9.06495812756423e-07	-2.02552813758251
543.943192008562	6.98452078292807e-07	-2.20508489017674
547.126864232876	5.49036532398031e-07	-2.27613657000985
550.32917033106	4.54972959852246e-07	-2.25310089344333
553.550219366241	4.08319135209109e-07	-2.25305202954759
556.790121039892	3.37844983943318e-07	-2.33174476248628
560.048985695559	2.6451489739745e-07	-2.3442496646955
563.326924322624	1.93325304268522e-07	-2.29734677244207
566.624048560087	1.32902403286494e-07	-2.09196903005228
569.940470700362	9.81808625229747e-08	-1.69891851816421
573.276303693107	9.67360718153866e-08	-1.1440524556161
576.631661149068	1.25930950084955e-07	-0.737737722404765
580.00665734395	1.63313870073678e-07	-0.556746913662839
583.401407222305	2.06797444366621e-07	-0.453202908601435
586.816026401453	2.48316065606927e-07	-0.418214224064977
590.250631175415	2.87184118236226e-07	-0.322746324269586
593.705338518875	3.39205042524007e-07	-0.311620591773016
597.180266091164	4.13590632727009e-07	-0.31669063920449
600.675532240268	4.95646485056658e-07	-0.357809397621984
604.191256006856	5.75220955893575e-07	-0.417535870869088
607.727557128338	6.38195538522576e-07	-0.519758404311957
611.284556042941	6.81365001625078e-07	-0.618318387891137
614.862373893808	7.31157127279599e-07	-0.769940343608583
618.461132533131	6.76743880106971e-07	-0.890603532948177
622.080954526293	6.43676563780181e-07	-0.795570779047672
625.721963156049	7.97092692636458e-07	-0.777311917347633
629.38428242672	9.57242316743049e-07	-0.962125058909972
633.068037068419	1.00241969102525e-06	-1.20691738956544
636.773352541297	9.57809619431104e-07	-1.51104179059151
640.500355039817	7.82803302431511e-07	-1.80514123278233
644.249171497054	5.60937324439927e-07	-1.90220510064491
648.019929589013	3.85249491806559e-07	-1.86094847794938
651.812757738983	3.04822650482578e-07	-1.65104799363152
655.627785121906	2.65062171887042e-07	-1.33697875707571
659.465141668779	2.67864926840263e-07	-1.03314588820087
663.32495807108	3.35749165198675e-07	-0.844554340272424
667.207365785215	4.28234862010381e-07	-0.755317844760356
671.112497036999	5.48003612505142e-07	-0.826141510608709
675.04048482616	6.28360434739756e-07	-1.0829675420967
678.991462930864	5.61475114698537e-07	-1.16468662367275
682.965565912275	5.64732497122457e-07	-1.28174537571668
686.962929119137	5.33920317625672e-07	-1.45688230497682
690.983688692382	4.22869517175546e-07	-1.64365735701317
695.027981569771	2.88310679387563e-07	-1.54357348526436
699.095945490551	2.29754166780475e-07	-1.23775859560528
703.187719000152	2.3888155180381e-07	-0.876238457499983
707.303441454905	2.85755174478196e-07	-0.66398078175269
711.443253026784	3.3590801845749e-07	-0.552964416731486
715.607294708184	4.18527231815096e-07	-0.541136247084379
719.795708316719	4.49416773092695e-07	-0.652352261624841
724.008636500059	4.48263895635481e-07	-0.635100228777244
728.246222740779	4.23250088486061e-07	-0.616866452259758
732.508611361253	4.60772753261274e-07	-0.483685506301908
736.795947528565	5.36994263701253e-07	-0.46952202193268
741.108377259457	5.82676695569645e-07	-0.453759701711373
745.446047425297	6.85570163926083e-07	-0.428049145585078
749.809105757086	8.2815772239993e-07	-0.441577951067997
754.197700850485	1.02062737142231e-06	-0.560839565912379
758.61198217088	1.16480519090638e-06	-0.76921605176228
763.052100058469	1.28920166469761e-06	-1.02251733044419
767.518205733383	1.15041810812288e-06	-1.26550719589528
772.01045130084	1.02006117337844e-06	-1.35267788226422
776.528989756319	9.1778555651637e-07	-1.40788907847804
781.073974990776	8.80003972641842e-07	-1.40968688796877
785.64556179588	7.67352236091948e-07	-1.52347313713565
790.243905869292	6.98086989737416e-07	-1.51853603462106
794.86916381996	6.29202543230099e-07	-1.48554395162715
799.521493173459	6.60426018683607e-07	-1.41065377498346
804.201052377352	7.49032259727748e-07	-1.45803794436492
808.908000806588	7.33540945999779e-07	-1.6970080487977
813.642498768928	5.63607030541928e-07	-1.91598511779532
818.404707510409	3.85815426178577e-07	-1.86249067570601
823.194789220831	3.00248431551607e-07	-1.62434192744257
828.012907039284	2.78827254309397e-07	-1.35502304185654
832.859225059701	2.8512824963099e-07	-1.04721474465481
837.733908336451	3.64374402682065e-07	-0.869383381315739
842.637122889957	4.30946608216759e-07	-0.812040924093463
847.569035712351	4.81590282935956e-07	-0.812327746850166
852.529814773161	5.09894350465208e-07	-0.826720140474023
857.519629025033	5.49254001345165e-07	-0.731763353880488
862.538648409484	6.41860845184773e-07	-0.690946860690979
867.587043862691	6.89673692091064e-07	-0.752347048809122
872.66498732131	8.46724282341101e-07	-0.730302401549442
877.772651728336	1.06673929251947e-06	-0.869358080798644
882.910211038989	1.13445289923435e-06	-1.17040856929457
888.077840226642	8.99408060542772e-07	-1.40912632346063
893.275715288775	7.37644041673041e-07	-1.3554169627194
898.504013252976	6.23806791993704e-07	-1.16351668239279
903.762912182964	7.92686907857899e-07	-1.02639847621051
909.052591184658	9.53850903406755e-07	-1.07413018297174
914.373230412274	1.05580350404194e-06	-1.18335902207378
919.725011074462	1.21226996907928e-06	-1.30397030266787
925.108115440475	1.30272378010375e-06	-1.50035980498801
930.522726846383	1.21158590291309e-06	-1.71297055533207
935.969029701309	1.1407378178152e-06	-1.92283268877758
941.447209493716	9.03357903250949e-07	-2.0584314803774
946.957452797719	7.18454812146386e-07	-2.11356846075548
952.499947279444	5.6228294329775e-07	-1.99378582079008
958.074881703417	5.03795334737094e-07	-1.79080964795422
963.682445938992	5.36467700426464e-07	-1.59608866025219
969.322830966822	6.40948773439826e-07	-1.40764143779816
974.996228885357	7.42139806028969e-07	-1.46838292077949
980.702832917391	8.34481055279321e-07	-1.54912161242719
986.442837416641	8.49411810897546e-07	-1.61760728199715
992.216437874366	9.63085498511614e-07	-1.76442711321947
998.023830926026	9.24577353158558e-07	-1.93995460259114
1003.86521435798	8.83127873453965e-07	-2.03774058548239
1009.74078711421	7.72131641312356e-07	-2.16002257388819
1015.65074930314	6.41273365193033e-07	-2.21426775442395
1021.59530220437	5.55246146609047e-07	-2.04250227226989
1027.57464827562	5.81275244341281e-07	-2.03885539184065
1033.58899115956	5.33385802899305e-07	-2.05096829260508
1039.63853569078	5.04744609036424e-07	-1.82510189436721
1045.72348790277	6.75481277301467e-07	-1.76370665425245
1051.84405503489	7.82443254462283e-07	-2.03474990272173
1058.00044553949	7.15253461369956e-07	-2.26596645853136
1064.19286908898	5.64047688906078e-07	-2.32110984744459
1070.42153658295	5.00307990040213e-07	-2.30070571169325
1076.6866601554	4.72079744931764e-07	-2.26831367000916
1082.98845318193	4.56855018322547e-07	-2.19817621201698
1089.32713028701	3.97747702887579e-07	-2.21505954152504
1095.7029073513	3.24410359076897e-07	-2.13249492680888
1102.11600151901	3.38320680111354e-07	-1.78169201749648
1108.56663120526	4.38306541156261e-07	-1.63241349063607
1115.05501610358	5.4686713650221e-07	-1.69974963878967
1121.58137719331	6.29178537491279e-07	-1.73223204012982
1128.14593674721	7.46276531358914e-07	-1.93288955152225
1134.74891833897	7.54655482544016e-07	-2.1632180740971
1141.39054685085	6.74299368839242e-07	-2.34561748975595
1148.07104848133	5.43611623128506e-07	-2.37718476596602
1154.79065075284	5.29038600394491e-07	-2.34464618574102
1161.54958251945	4.9943200031861e-07	-2.4228851048774
1168.34807397474	4.51757164558452e-07	-2.40439663192341
1175.18635665957	4.30525492329295e-07	-2.42212207791585
1182.06466347002	4.07838967352116e-07	-2.40580707241007
1188.98322866528	3.93061371051119e-07	-2.40218931862532
1195.94228787568	4.02173321341481e-07	-2.45561467969319
1202.94207811063	3.62521524856031e-07	-2.3407921961203
1209.9828377668	3.80196414820641e-07	-2.25013300295767
1217.06480663614	4.22770960036039e-07	-2.28159395737197
1224.18822591411	4.04269487370525e-07	-2.43173061347656
1231.35333820789	3.66688345048494e-07	-2.46659892815492
1238.56038754459	3.16264273790772e-07	-2.37996907155558
1245.80961937963	3.44329884408878e-07	-2.26509196545963
1253.10128060505	4.10137410866274e-07	-2.39135692132697
1260.43561955796	3.8200222873018e-07	-2.47531659413289
1267.81288602894	3.47564197855286e-07	-2.57760703921669
1275.23333127061	3.08037615363823e-07	-2.59626692961239
1282.69720800614	2.99988016685571e-07	-2.5493243328186
1290.2047704379	2.99264959261011e-07	-2.54124325025429
1297.75627425607	2.83379079483401e-07	-2.52468725484203
1305.35197664739	2.60677226730042e-07	-2.56658291648627
1312.99213630387	2.70856253027245e-07	-2.52818839139713
1320.67701343168	2.57243381015242e-07	-2.5296941368837
1328.40686975993	2.52781766914995e-07	-2.5818353620645
1336.18196854961	2.26791338538258e-07	-2.57430641688232
1344.00257460259	2.12152470643198e-07	-2.4816949603348
1351.8689542706	2.32837456555354e-07	-2.35774438436263
1359.78137546432	2.55568493308669e-07	-2.49646055093312
1367.74010766247	2.52372768488093e-07	-2.63565138732771
1375.74542192105	2.31746445482654e-07	-2.67870039806921
1383.79759088253	1.99076593507319e-07	-2.71271647399734
1391.89688878512	1.8681037795313e-07	-2.71556300526134
1400.04359147217	1.68510598761821e-07	-2.60114074686498
1408.23797640148	1.65030835088224e-07	-2.54253941667027
1416.48032265485	1.63375317210411e-07	-2.43771008225424
1424.77091094748	1.68664608891657e-07	-2.39416085307687
1433.11002363762	1.85453619623525e-07	-2.51561027323994
1441.49794473613	1.62326140086558e-07	-2.61740740759053
1449.93495991618	1.64424170366044e-07	-2.59727113674983
1458.42135652297	1.39816195389273e-07	-2.64210423536438
1466.95742358351	1.30485888991297e-07	-2.59208089519115
1475.54345181648	1.15481992732868e-07	-2.49578357674083
1484.1797336421	1.13019497824696e-07	-2.38576580126399
1492.86656319215	1.15460196270171e-07	-2.30561202005821
1501.60423631991	1.36784790611713e-07	-2.2699432165967
1510.3930506103	1.22197548251496e-07	-2.37779088627048
1519.23330538997	1.17652371139876e-07	-2.38516316864716
1528.12530173754	1.06905809692053e-07	-2.42328179987164
1537.0693424938	9.67701054664885e-08	-2.28021075705744
1546.06573227206	1.0318053360025e-07	-2.17993964206929
1555.11477746853	9.98906422210182e-08	-2.26354512808921
1564.21678627273	9.31832696398225e-08	-2.19981079727444
1573.372068678	9.40607286786213e-08	-2.0900274698013
1582.58093649206	1.03417373573797e-07	-1.98254907207371
1591.84370334761	1.13130174133812e-07	-1.96626734451587
1601.16068471304	1.13217702373744e-07	-2.03439177599696
1610.53219790316	1.05540151964165e-07	-2.07995809936375
1619.95856209	9.99769348127525e-08	-2.24236545137648
1629.44009831371	8.25109535644095e-08	-2.24335814921928
1638.97712949343	7.07519699182911e-08	-2.03139506986415
1648.56998043838	7.5604212961229e-08	-1.91866141888382
1658.21897785882	8.27458660698818e-08	-1.80683843721482
1667.92445037728	7.48180667896127e-08	-1.86922657835297
1677.68672853966	7.12704936494062e-08	-1.60442549279872
1687.50614482655	6.51645516068172e-08	-1.42633443463045
1697.38303366453	8.71206677487086e-08	-1.27462978694636
1707.31773143755	1.14922943256766e-07	-1.14173818705126
1717.31057649842	1.34303068486158e-07	-1.26580270680007
1727.3619091803	1.47877412807275e-07	-1.39037063373199
1737.47207180829	1.80458702671794e-07	-1.52150866908009
1747.64140871112	1.59097278445095e-07	-1.78602993396719
1757.87026623286	1.437703852865e-07	-1.91339861095286
1768.1589927447	1.15405373671255e-07	-1.91155232958992
1778.50793865684	1.13709433838158e-07	-1.92261006339872
1788.9174564304	1.10229427981623e-07	-1.77299083497588
1799.38790058947	1.11714239375434e-07	-1.77192976052332
1809.91962773311	9.48035808444349e-08	-1.75748645338857
1820.51299654755	1.00835303461454e-07	-1.56969967964242
1831.16836781842	1.16864562242537e-07	-1.43970042342037
1841.88610444297	1.02662936197203e-07	-1.42243396815717
1852.6665714425	1.27621251663947e-07	-1.37426055459503
1863.51013597474	1.53314078443276e-07	-1.38449490903221
1874.41716734638	1.55376075529476e-07	-1.57398022991695
1885.38803702566	1.51604828904477e-07	-1.74829241201939
1896.42311865499	1.35522573597957e-07	-1.85879764141667
1907.5227880637	1.10096535911613e-07	-1.93559087823106
1918.6874232808	1.05655838229714e-07	-1.67035739098816
1929.91740454794	1.0687939607482e-07	-1.63818100367862
1941.21311433225	9.29317050394016e-08	-1.66912791307227
1952.57493733945	9.36274870132415e-08	-1.3873194050642
1964.00326052692	1.39280024473563e-07	-1.38820378823338
1975.49847311688	1.32678883947881e-07	-1.58623981133265
1987.06096660966	1.38028066167677e-07	-1.26226444725797
1998.69113479699	1.67559236707418e-07	-1.32492319345132
2010.38937377547	2.10143168477891e-07	-1.48269322008712
2022.15608196004	2.02034259026919e-07	-1.65909414712665
2033.99166009751	1.79734081746892e-07	-1.77189670210988
2045.89651128028	1.83525610459665e-07	-1.8965470813157
2057.87104095999	1.50396518684221e-07	-2.05406719841811
2069.9156569614	1.3636106437039e-07	-2.10587844631141
2082.03076949623	1.21547113783312e-07	-2.00320399057277
2094.21679117717	1.21731963822894e-07	-1.96114793076265
2106.47413703188	1.14995652271166e-07	-1.9890892157296
2118.80322451717	1.11572689857412e-07	-1.9430515669627
2131.20447353322	9.93218322668144e-08	-1.98767272044428
2143.67830643784	9.16285364076391e-08	-1.8363370615004
2156.2251480609	8.29678613247902e-08	-1.65545900276132
2168.84542571876	8.86093989483227e-08	-1.59553756815146
2181.53956922884	1.0131479699423e-07	-1.58660043722373
2194.30801092429	1.28403725042287e-07	-1.33901944699963
2207.15118566865	1.3186904263201e-07	-1.39078960335331
2220.0695308707	1.48815278589478e-07	-1.64255865579562
2233.06348649938	1.54051754141067e-07	-1.78649573817488
2246.13349509871	1.42781103103107e-07	-1.87711616483672
2259.28000180291	1.34142374496876e-07	-1.81959280051513
2272.50345435157	1.13234923739115e-07	-1.84734659433457
2285.80430310484	1.03029147017863e-07	-1.78515293174557
2299.18300105883	8.58064231764597e-08	-1.52974479843484
2312.64000386101	9.69691899628653e-08	-1.16265178684361
2326.17576982573	1.35193336397223e-07	-0.988624658518908
2339.79075994982	2.00539905856423e-07	-1.23982471312212
2353.48543792833	2.35869632912525e-07	-1.61156846302333
2367.26027017027	2.35511935031874e-07	-1.71580116020611
2381.11572581451	1.9409040552434e-07	-1.93852803014813
2395.0522767458	1.73932150328061e-07	-1.95252776215789
2409.07039761077	1.55149417312521e-07	-2.0526390186426
2423.17056583417	1.45055394339341e-07	-2.04309360146283
2437.35326163505	1.51071109384542e-07	-1.91599318340456
2451.61896804321	1.6922750285737e-07	-2.07858770159532
2465.96817091555	1.46605671259452e-07	-2.04810246192393
2480.4013589527	1.40165256489436e-07	-2.11670115073363
2494.91902371561	1.26423339369433e-07	-2.03778250752747
2509.52165964233	1.34407299470788e-07	-2.13621458816252
2524.20976406481	1.28476788188848e-07	-2.17526556338821
2538.98383722587	1.30995097352897e-07	-2.10092818811025
2553.84438229623	1.23490888789895e-07	-2.03787839592702
2568.79190539164	1.16067467238447e-07	-2.07476508394501
2583.82691559011	1.09526456883396e-07	-2.06571144597383
2598.94992494927	9.80076935885283e-08	-2.08369201550478
2614.1614485238	1.057533389843e-07	-2.19936610900643
2629.46200438297	1.2224785834365e-07	-2.23712823249899
2644.85211362826	1.02648978877856e-07	-2.13188024406433
2660.33230041115	1.06903893629089e-07	-2.04473238302264
2675.90309195096	1.01023618842826e-07	-2.07165407086551
2691.56501855279	1.04526605061124e-07	-1.99460494416476
2707.31861362557	1.06329952637962e-07	-2.05145042874269
2723.16441370029	1.16441902067107e-07	-2.21687748075329
2739.10295844818	1.09156438622063e-07	-2.2211847754533
2755.13479069916	9.2956419954724e-08	-2.20136264665946
2771.26045646033	7.45650832009543e-08	-2.2939229665321
2787.4805049345	6.65387919778729e-08	-2.22701108567291
2803.79548853896	6.50643726695522e-08	-1.910264312307
2820.20596292426	9.17635944445834e-08	-1.89922704032921
2836.71248699317	9.19391320305107e-08	-1.94017274674398
2853.31562291966	8.88597940689625e-08	-1.96469529026034
2870.01593616808	9.96194454852044e-08	-1.78376616330713
2886.81399551243	1.25891335874676e-07	-2.08707554913278
2903.71037305572	1.06422806516101e-07	-1.96499135817236
2920.70564424941	1.0350798758257e-07	-1.99414939463464
2937.8003879131	9.69392985485609e-08	-2.19387032725685
2954.99518625416	7.50456077641514e-08	-2.28016437724881
2972.29062488759	8.62594077339332e-08	-2.13243051742566
2989.68729285599	8.81745256935362e-08	-2.19210233099074
3007.18578264957	8.66912652500983e-08	-2.22068303970843
3024.78669022638	8.59047949012943e-08	-2.25175964978498
3042.49061503255	9.60941277307773e-08	-2.02106892057564
3060.29816002277	8.68279912541167e-08	-2.07254657763411
3078.20993168077	9.62672878217548e-08	-2.30320347829832
3096.22654004003	9.62783989231889e-08	-2.24549409914898
3114.34859870448	8.00737888770292e-08	-2.3831542238022
3132.57672486948	7.51378352159443e-08	-2.36134697126129
3150.9115393428	7.27301515099218e-08	-2.26042187039366
3169.35366656574	6.19298804103338e-08	-2.20374117235033
3187.90373463446	6.02417981729155e-08	-2.4683346893941
3206.5623753213	6.7148120192726e-08	-2.29177594935436
3225.33022409637	6.14675254772938e-08	-2.33352911660758
3244.20792014911	6.52032352649818e-08	-2.33764182071739
3263.19610641014	7.55383503766108e-08	-2.31085865135554
3282.29542957311	4.79367109227704e-08	-2.36269583257951
3301.50654011673	5.05871929965259e-08	-2.18178478287936
3320.83009232693	5.41304974542311e-08	-2.1839497265761
3340.26674431915	6.68103886911187e-08	-1.65729955211904
3359.81715806074	5.98542186624709e-08	-2.16485309581026
3379.48199939352	5.56431047421269e-08	-1.99008536217753
3399.26193805643	6.48295974510273e-08	-2.01296457838772
3419.15764770838	8.53813588249994e-08	-2.26281744820187
3439.16980595117	6.72276491567216e-08	-2.31838421944481
3459.29909435254	7.07177625354557e-08	-2.49321255469081
3479.54619846946	6.34846855738987e-08	-2.34313567231435
3499.91180787139	6.41441786953745e-08	-2.28703549738117
3520.39661616382	5.32721665918973e-08	-2.33774041490132
3541.00132101189	5.84000782465426e-08	-2.34701014041274
3561.72662416411	4.4426107022906e-08	-2.29566450209565
3582.57323147632	6.08477528926539e-08	-2.42405174369116
3603.54185293568	5.71806633981912e-08	-2.27016729070586
3624.63320268487	5.66028091607018e-08	-2.24766433814346
3645.84799904642	4.29590978570976e-08	-2.4555578833624
3667.18696454717	3.8877360647528e-08	-2.65821284804953
3688.65082594285	5.87224031784885e-08	-2.07772822675708
3710.24031424287	5.44168457566671e-08	-2.13210692765949
3731.95616473521	3.48296462599281e-08	-2.23236804549895
3753.79911701145	4.70779726891268e-08	-2.32083099655422
3775.76991499194	4.29492106017736e-08	-2.19740577407518
3797.86930695119	3.79888840713921e-08	-2.08537350520238
3820.0980455433	3.48698353889486e-08	-2.1999061373516
3842.45688782762	4.2179629032466e-08	-2.44809970574588
3864.94659529455	5.96175597540335e-08	-2.41454044829635
3887.56793389144	5.42544842380934e-08	-2.66532790761275
3910.32167404868	3.8347675191084e-08	-2.25946840420756
3933.20859070598	3.97367653492972e-08	-2.22918407993225
3956.2294633387	5.01336327465314e-08	-2.10151735978407
3979.38507598445	4.08436445374863e-08	-2.31996697737999
4002.67621726978	4.602154692499e-08	-2.39152289439812
4026.103680437	3.33359954833065e-08	-2.44398918624038
4049.66826337127	3.44299644423273e-08	-2.13713586069362
4073.3707686277	2.39220293490299e-08	-2.54160278611232
4097.21200345873	4.22821417117462e-08	-2.55709107145255
4121.19277984159	3.63139713231236e-08	-2.41163735446713
4145.31391450599	3.55021164750843e-08	-2.30773255925962
4169.57622896193	3.4399091907854e-08	-2.28923965463828
4193.98054952763	5.4078578235645e-08	-2.64940361972431
4218.52770735773	3.03597990449584e-08	-2.29249502939434
4243.21853847159	2.69963717639172e-08	-2.29557510639431
4268.05388378172	2.82534914508687e-08	-2.37917195842399
4293.03458912246	3.06063894018849e-08	-2.46378359348352
4318.1615052788	2.73382419037564e-08	-2.28590885317711
4343.4354880153	4.56630827651889e-08	-2.68678569062855
4368.85739810527	2.12783752206411e-08	-2.23172677589923
4394.4281013601	1.93541951499267e-08	-2.13536021378776
4420.14846865872	1.86706974703119e-08	-2.08079962459909
4446.01937597728	2.84851304000128e-08	-2.02306723026166
4472.04170441896	3.22883256517843e-08	-2.41068499801374
4498.216340244	2.30968723347299e-08	-2.23053254744917
4524.54417489987	2.04523120886031e-08	-2.3776370258659
4551.02610505166	2.29533643096614e-08	-2.31190283026297
4577.66303261257	2.22236083881775e-08	-2.4843899066797
4604.45586477466	2.66959745323855e-08	-2.33704190003335
4631.40551403975	2.01117954160063e-08	-2.1833156770811
4658.51289825047	2.65309965453111e-08	-2.09818505273556
4685.77894062156	1.6472526947686e-08	-2.31581355899593
4713.20456977126	2.1906953766185e-08	-2.51496386309029
4740.790719753	1.625422416279e-08	-2.58025333552692
4768.53833008714	1.78259994939036e-08	-2.22773115528279
4796.44834579304	1.47030810767989e-08	-2.34909734223224
4824.52171742119	2.1422757629995e-08	-1.82475294869152
4852.75940108561	1.34556731581792e-08	-1.86178238894024
4881.16235849642	1.26162691696442e-08	-1.06772898525367
4909.73155699255	1.50842106239687e-08	-1.69583681024191
4938.46796957475	1.62147692303522e-08	-1.97406375385118
4967.37257493867	1.35025586033206e-08	-1.96911278056045
4996.44635750824	1.90087212996112e-08	-2.32156792755839
5025.69030746914	2.96234348010783e-08	-1.77344214614413
5055.1054208026	1.93411011044493e-08	-1.92646642732237
5084.69269931924	1.21177814357567e-08	-1.75928837854051
5114.45315069326	2.44347798319651e-08	-2.13271450640526
5144.38778849669	1.69543425344584e-08	-2.02314250975302
5174.49763223397	1.21379248018917e-08	-2.16804562837078
5204.78370737665	1.29787184096907e-08	-2.12826340506084
5235.24704539831	1.44827245722323e-08	-1.75419783209282
5265.88868380969	2.0590386164635e-08	-1.34697027428989
5296.70966619403	1.61832275682926e-08	-1.43154202029006
5327.7110422426	1.35838075089386e-08	-1.57481369888535
5358.89386779048	1.84122310330441e-08	-2.12004240661545
5390.25920485249	1.43568556362099e-08	-2.01541374192684
5421.80812165936	1.12880710054979e-08	-2.10519463513806
5453.54169269414	1.02779777356323e-08	-1.61260999553602
5485.46099872875	1.12393402185949e-08	-1.62690307408718
5517.56712686086	1.29701079879552e-08	-1.65295652207346
5549.86117055081	1.52916075595361e-08	-1.57351435358775
5582.34422965894	1.60048585952482e-08	-1.65365435488625
5615.01741048303	1.87519002116148e-08	-2.13533545479923
5647.88182579593	1.69612152832989e-08	-1.4504829932425
5680.93859488352	1.24990985335647e-08	-1.30143438411543
5714.1888435828	1.23137362137413e-08	-0.565438061208922
5747.63370432023	1.45003657515357e-08	-2.04291889473371
5781.27431615032	1.15815538334827e-08	-1.66695038290307
5815.11182479438	9.87692051668384e-09	-1.11972830982339
5849.1473826796	1.50007545768647e-08	-1.79315236725303
5883.38214897825	2.8245580625717e-08	-2.41343273149161
5917.81728964719	8.4651524548774e-09	-1.91442857270658
5952.45397746756	7.91909429765343e-09	-2.16566741970058
5987.29339208473	7.65962275030487e-09	-1.08161944890944
6022.33672004847	1.07447202931897e-08	-2.04991732491934
6057.58515485337	8.79318081520709e-09	-2.27184777745643
6093.0398969795	9.26836467953239e-09	-1.96664247514686
6128.70215393325	8.09584597527282e-09	-1.56087421118581
6164.5731402885	1.78563786076173e-08	-1.77248807763855
6200.65407772798	7.83354279683736e-09	-2.15564345325038
6236.94619508484	1.11083940314355e-08	-1.61482982715184
6273.45072838456	1.02233990388033e-08	-1.3703489046331
6310.168920887	1.58343816297245e-09	-1.30730007154818
6347.10202312875	1.0951758317469e-08	-2.04432003318238
6384.25129296575	6.43972423796719e-09	-2.22651507979621
6421.61799561608	5.68111048102153e-09	-1.53187776446919
6459.20340370311	8.61157721563397e-09	0.27831832955997
6497.00879729877	8.86241448360707e-09	-1.75376663936792
6535.03546396722	8.8170950204728e-09	-1.0518656066991
6573.28469880867	8.09406982607867e-09	-1.73326006804181
6611.75780450346	6.65574437190411e-09	-1.27027207206892
6650.45609135647	3.61189887552153e-09	-1.24164039936393
6689.38087734173	9.35961327330775e-09	-1.99899407814109
6728.5334881473	1.17827880710003e-08	-1.94721064150026
6767.91525722043	6.51615107859134e-09	-1.71085844009927
6807.52752581296	5.22409344376689e-09	-1.62707419643394
6847.37164302703	1.31482781165607e-08	-0.253447091143919
6887.44896586099	6.30111312700959e-09	-1.56756589464162
6927.76085925564	7.98156029870564e-09	-0.797650084626784
6968.3086961407	1.2073962608238e-08	2.06740760329134
7009.09385748159	5.88012807539849e-09	-2.00115910347635
7050.11773232646	5.79124342226928e-09	-0.998029315828739
7091.38171785346	7.40392446184823e-09	-1.33106328248531
7132.88721941838	1.29341167494324e-09	0.36012169960278
7174.63565060248	5.82644828179156e-09	-2.04820679664214
7216.62843326063	6.86445012316744e-09	-1.20463355449
7258.86699756976	6.94330959767978e-09	-2.03842709874694
7301.35278207755	2.9260119077119e-09	-1.4942902178833
7344.08723375142	5.06232392891481e-09	-1.16633303092543
7387.07180802782	5.67971510238591e-09	-1.94577576659064
7430.3079688618	5.02461870455106e-09	-1.67480056391676
7473.79718877687	6.01136230232294e-09	-1.5546155886346
7517.54094891514	7.91669098733589e-09	-1.29288123230854
7561.54073908776	5.17633944653263e-09	-3.00654633541116
7605.7980578257	2.59218731217918e-09	-2.14240852746473
7650.31441243072	6.02225435876584e-09	-2.22383907004344
7695.09131902678	3.38066165203719e-09	-2.45171104067285
7740.13030261159	5.28194661710518e-09	-1.4646463841575
7785.43289710865	4.56453681592651e-09	-1.73647344633849
7831.00064541938	4.53946877814503e-09	-1.19230711097745
7876.83509947578	2.52881194042141e-09	-1.6366053580618
7922.9378202932	3.40401477598161e-09	-1.76789133769324
7969.31037802353	4.22794316912366e-09	-1.19600520330636
8015.95435200868	4.20538611553651e-09	0.231615827866667
8062.8713308344	2.74717621134503e-09	-2.81027029714674
8110.06291238432	4.90240258293727e-09	-0.538330886894813
8157.53070389442	3.90836777554278e-09	-1.34833338103692
8205.27632200774	2.45466441807888e-09	-0.735750437638239
8253.30139282945	1.66222858857581e-09	-0.984813130494137
8301.60755198224	4.50982549104063e-09	-1.07690860511605
8350.19644466202	3.38225548247586e-09	-0.784615054590544
8399.06972569395	2.42122088889658e-09	-1.04110826340324
8448.22905958878	2.92615216617024e-09	-1.17396606875073
8497.67612059958	5.53601409837646e-09	-0.873975442763932
8547.41259277873	3.68672993259268e-09	-0.845256629860276
8597.44017003528	3.78214510516265e-09	-1.25839977564826
8647.76055619265	4.21968304395636e-09	-1.16741465674514
8698.37546504665	3.8383403159247e-09	-1.5424367054728
8749.28662042386	2.37798526686167e-09	-1.74350543846063
8800.49575624033	2.51551333181733e-09	-1.86553301249822
8852.00461656061	3.1448027095358e-09	-1.62852119143949
8903.8149556572	2.70845324029202e-09	-0.769379354687013
8955.92853807025	1.11529936459712e-09	-1.23965692122619
9008.3471386677	2.67806825816013e-09	-1.43434153040082
9061.07254270567	1.09209768811652e-09	0.0629378852540318
9114.10654588932	1.80928674743823e-09	-0.92304445460328
9167.45095443397	2.98932674923519e-09	-0.719613304598275
9221.10758512664	1.99995742179942e-09	-0.667920191612718
9275.0782653879	4.22268381308699e-09	-1.34123804476828
9329.36483333411	2.40236880309167e-09	-0.601305873572322
9383.96913784007	2.10684552686876e-09	-0.28620479862464
9438.89303860192	3.19548142371852e-09	-0.871641118671431
9494.13840620052	3.97717264429255e-09	-1.17849998488799
9549.70712216515	3.57496454524542e-09	-1.23053129563663
9605.60107903757	1.62486667900829e-09	-0.649063994469881
9661.8221804365	3.54552534857845e-09	1.25335788173652
9718.37234112246	1.63177354740773e-09	-1.55323990789575
9775.25348706295	3.12382287977774e-09	1.38921416519416
9832.46755549806	1.97674753169445e-09	-0.404498074180109
9890.01649500647	1.54571449940338e-09	-0.983019823419352
9947.90226557176	2.05316043694939e-09	-0.500043235285605
10006.1268386492	1.46066416289476e-09	-0.236253027349262
10064.6921972329	1.29715498961063e-09	2.06146833500678
10123.6003359234	1.54539865867387e-09	-0.559307843179879
10182.8532609955	1.73593884551126e-09	-0.471198564520675
10242.4529904665	1.34074043655936e-09	-0.154126553771752
10302.4015541652	1.39220087434219e-09	-0.647911925440863
10362.7009938008	1.55698785396802e-09	0.192058430676323
10423.3533630326	6.58113759529191e-10	-2.15198192406701
10484.3607275399	2.00582755789844e-09	-1.18313455398513
10545.7251650921	7.88471072412567e-10	-0.714888405263182
10607.4487656199	3.68185657579912e-10	2.38734169390934
10669.5336312861	2.19793813642595e-09	-1.19676587480787
10731.9818765576	2.87420637388935e-09	-0.779499860271251
10794.795628277	3.16404218770976e-09	0.562316395132883
10857.977025735	1.37034514680984e-09	-0.246716680453264
10921.5282207439	1.65853589047419e-09	0.482602199489837
10985.45137771	2.17110508728303e-09	0.0379448179816892
11049.7486737082	1.43372204557176e-09	0.259505787175314
11114.4222985554	3.69496540722395e-09	-0.205191309838525
11179.4744548854	1.95773767316013e-09	0.638203269048739
11244.9073582242	1.1960400765733e-09	0.454061965584424
11310.7232370647	1.89231502796706e-09	1.24685195976874
11376.9243329434	1.82249869104774e-09	0.518840631279446
11443.5129005164	2.33501274462692e-09	0.287758933052118
11510.491207636	2.43685605575491e-09	1.40018530894152
11577.8615354282	7.60409278051718e-10	0.275593164151352
11645.6261783704	1.59898945076337e-09	2.54357919450343
11713.7874443694	2.09688378214461e-09	1.21112109667257
11782.34765484	3.23760296890819e-09	1.24845138298698
11851.3091447842	9.84304584598847e-10	-0.687298639544726
11920.6742628707	1.11228466768566e-09	-2.81890718344859
11990.4453715147	7.4626630764363e-10	1.6724092332293
12060.6248469586	5.65095955046773e-09	1.91799844970403
12131.2150793528	3.99697984802306e-09	1.18106296318796
12202.2184728371	2.12350025930214e-09	1.57493365625081
12273.6374456228	3.45743638230629e-10	1.73804489203707
12345.4744300745	1.6710474372603e-09	1.54060222575113
12417.7318727936	5.05976408220809e-09	1.94343059163147
12490.4122347012	2.30997885624632e-09	1.33246749685898
12563.5179911223	2.09475962080087e-09	1.31768074409237
12637.0516318694	2.90528539767087e-09	0.686360265535561
12711.0156613282	2.78159650870121e-09	-2.47834271905018
12785.4125985421	1.84784770392845e-09	0.926370446245121
12860.2449772985	1.62014963935464e-09	-0.481200808744891
12935.515346215	3.66294049033938e-10	0.0396331203898127
13011.226268826	2.73393736555452e-09	1.82426410887333
13087.3803236702	1.70369178213148e-09	2.5636973859096
13163.9801043782	3.81226847221545e-09	1.15415716304175
13241.0282197613	2.84767742789677e-09	1.72393106210846
13318.5272938999	4.21279422984611e-09	1.82854884569856
13396.4799662328	3.62852516956463e-09	1.13472446232094
13474.8888916475	4.6653735595626e-09	2.05645990085648
13553.7567405706	2.78522579399847e-09	1.3485089755252
13633.0861990582	1.96216774457939e-09	0.670691361550165
13712.879968888	3.07883217967059e-09	-0.603099143311083
13793.140767651	5.25035379977404e-09	-0.453134870739847
13873.8713288441	5.4650142966053e-09	0.934051185837514
13955.0744019633	5.44463224461144e-09	0.897764920711018
14036.7527525972	3.44992449057462e-09	0.380917588404716
14118.9091625211	2.81516988013674e-09	1.30058077860203
14201.5464297923	2.00104954724672e-09	1.09898562290054
14284.6673688445	3.55029388428652e-09	0.904878968076512
14368.2748105846	4.54523149363452e-09	1.15898449964102
14452.3716024883	1.82405548309107e-09	0.846863278077417
14536.9606086976	4.92175665838403e-09	1.87775968616745
14622.0447101181	5.55163694994441e-09	0.727058367013098
14707.6268045173	3.33684725672793e-09	0.587352859845148
14793.7098066231	2.24723472439596e-09	1.68220805900913
14880.2966482232	4.30159844952938e-09	1.48342602030845
14967.390278265	2.2024711610287e-09	0.53454326495896
15054.9936629556	1.30451322864683e-09	1.76003297872731
15143.1097858636	3.31666942055201e-09	0.95325381481583
15231.7416480199	1.78142299171678e-09	-0.636838590225365
15320.8922680206	3.39019781210232e-09	0.775300386944731
15410.5646821293	3.61111141227383e-09	2.25238889467423
15500.7619443808	3.01704450658361e-09	1.05891757994749
15591.4871266849	2.7110696619357e-09	-1.32080991738771
15682.7433189311	1.32168099086168e-09	1.58335344312211
15774.5336290942	5.56711081565159e-09	1.31643436486138
15866.8611833393	8.59995727864031e-10	-0.678243043024159
15959.7291261293	1.00543953989914e-09	0.340524008482595
16053.1406203312	1.31034751928003e-09	0.554306539142527
16147.098847324	3.61460432219951e-09	0.254120441079975
16241.6070071075	5.89079828861712e-10	0.0452889648100969
16336.6683184106	1.12188374925464e-09	1.58852829368807
16432.2860188016	2.19425051244741e-09	1.2845914922159
16528.4633647977	9.1283742742083e-10	0.110797124481563
16625.2036319767	1.40578338734064e-09	1.08272449504179
16722.510115088	4.03587844950603e-09	1.15859038942578
16820.3861281651	1.92441210606423e-09	0.838542463667085
16918.8350046382	1.92746462383325e-09	1.68333398165935
17017.8600974483	1.29913588236111e-09	0.765084199525659
17117.4647791604	2.01093227096697e-09	1.02297776144677
17217.6524420795	1.39939568580976e-09	1.44396950144575
17318.4264983653	1.86001331225399e-09	1.4870389770647
17419.7903801488	1.92769591403564e-09	-1.90836812001282
17521.7475396489	1.07131820614823e-09	2.79356707160893
17624.3014492906	2.50064466890354e-09	2.05970007925157
17727.4556018223	7.89683459665463e-10	2.20525778793681
17831.2135104356	1.3240015195125e-09	1.90986189013432
17935.5787088847	1.52847710760736e-09	1.17933928957279
18040.5547516064	2.01947379872417e-09	-0.85005655623104
18146.1452138417	3.8689674969957e-09	0.843203637135704
18252.3536917571	7.33924002349534e-10	1.18554241784302
18359.1838025674	3.51672280441537e-09	1.09247291773667
18466.6391846589	3.41839205934686e-09	1.75207553786857
18574.7234977128	1.30362925131233e-09	-1.42050365892737
18683.4404228307	2.31673605511681e-09	1.26744357775524
18792.7936626592	2.3533858342938e-09	0.223890977331788
18902.7869415164	4.00198340087513e-09	0.586803596539084
19013.4240055187	1.70348829120674e-09	1.92082942226171
19124.7086227081	1.05648095856992e-09	-3.04555989670476
19236.6445831811	4.87223225298263e-10	-1.90281579223896
19349.2356992172	7.85259098697875e-10	2.8269578613971
19462.485805409	2.87420090872576e-09	2.76628104476584
19576.398758793	1.18788866630417e-09	0.621841986994569
19690.9784389804	9.53343524730997e-10	-2.61832030006715
19806.2287482899	1.86185913422401e-09	0.744816239855925
19922.1536118799	1.4600943691881e-09	2.06167874118648
20038.756977883	1.00215113474998e-09	-0.85949233816584
20156.0428175397	1.4637731366548e-09	-2.42266877540257
20274.0151253341	3.3143686752444e-09	2.70147839912145
20392.6779191297	1.05511336748522e-09	2.59266246382297
20512.0352403066	1.01704218049665e-09	0.27740232656446
20632.0911538985	5.52412865339941e-10	-1.25967061297951
20752.849748732	5.1730533701785e-09	2.58766814463534
20874.315137565	2.21878898382721e-09	1.80928152990695
20996.4914572275	5.92348802790088e-10	-2.77656629798266
21119.3828687618	5.6837010382328e-10	1.79963179474147
21242.9935575649	2.33081497706869e-09	2.76427960858471
21367.3277335305	1.73717058324417e-09	2.57015409811266
21492.3896311928	2.63220989135434e-09	0.725581595772339
21618.1835098703	1.51681658479228e-09	-2.18393102222325
21744.7136538112	8.32185772163727e-10	2.00574710963562
21871.9843723391	2.2201958941804e-09	-0.627360390110033
22000	1.7627262076806e-09	2.47244258927269
